100

10 2 7
9002 9571 2613 9337 4134 163 9261 6003 9677 1933
5106 6896
4392 578 6443 1029 6539 7145 9736
10
9869898 30287232
18731128 23290272
10189978 37304778
5217888 4611680
18019248 32897958
47286666 67139456
37582692 13849122
1271424 6981050
21108204 45092944
1124048 32897958

3 2 6
7681 9029 127
2551 2953
7759 7417 8609 1889 7207 577
10
1739701 2544097
375031 18385057
31804111 32357041
22681993 1471927
22681993 18920767
72984311 24234851
26662637 19793209
18354643 482023
14043283 2815957
26662637 21961559

3 9 2
5010 657 8102
7904 1544 8460 5848 5217 2114 1021 1738 3594
3825 2010
10
85783803 25359549
29118588 3103440
29298480 8086050
51453645 3415725
8272142 15887040
12509488 3905325
8191128 7708623
31803456 17334077
165289 1803795
68542920 30232800

10 5 5
5651 4261 2287 359 3607 6827 6823 6581 2269 7013
2089 5413 317 5119 1913
2131 9437 8669 4813 9643
10
686767 675527
34926937 52197559
38697359 3134429
6986381 74687407
11615011 2991529
13440649 5189593
24617449 3749063
13052399 49362517
25801571 75300877
35622953 16583797

1 4 4
991
7541 4139 2213 9161
4969 673 1997 509
10
9287 930703
7473131 1489349
7420379 16085753
2193083 3838369
2193083 5075093
58109269 55286027
5752367 1498201
1673891 10691411
9078551 5075093
2193083 45521009

1 2 10
2345
7057 3641
846 9665 8586 6739 2353 1879 164 3465 6355 4844
10
15789900 8419341
16548665 24536699
16548665 23138555
8538145 34184108
1254004 44991979
54636659 421587
78522880 36550610
31611036 990606
8538145 13260103
16548665 31261626

5 5 1
6353 3463 7547 8831 151
9277 3329 8731 4049 5527
7517
10
2503271 8059609
834577 25024093
4909691 3005813
65892857 69735209
600907 26009521
63463957 31888093
30235453 69735209
19140001 69735209
29398399 69735209
18030533 28957231

10 9 7
1831 7589 6073 883 7547 1657 4243 5839 1721 6299
5647 2393 547 5393 839 8731 5417 6803 5227
2137 9829 71 7867 5581 457 53
10
53023363 18825731
1285909 99919
4381583 53519201
11123377 4556549
4898921 2464601
28944287 180941
4128209 277031
6367171 12067639
9841901 13935289
9662333 6965633

4 6 9
2351 6803 827 4493
2699 7703 8461 1741 2609 7499
43 9109 1699 5297 4933 2111 3011 9467 3881
10
808649 45206129
17749027 8126689
6133759 77071249
42994729 11981441
17630149 70166627
6201673 25551433
35550313 82304459
15448831 12204719
23363897 9603257
17749027 17861171

2 8 10
4021 239
1667 569 2609 8627 2129 4931 7759 6299
3221 8837 9091 461 3659 8167 8693 1861 151 8237
10
34803313 3286979
135991 951149
1178509 13614389
8560709 74994511
44757611 45678263
173029 19818559
10490789 27787567
7494211 7525879
8560709 23055733
6792031 4803017

7 3 2
2026 3513 3516 8060 200 8141 7449
3039 9946 393
5529 4141
10
51504500 35786850
17443407 47948928
8013126 5052288
20150596 1627413
29939550 18143295
29779656 45161130
80970386 1627413
78600 12584499
34970136 16802631
78600 12584499

3 9 9
4677 1410 9675
2845 4017 993 9693 7928 2210 906 2448 2010
418 8229 9224 6549 2936 1326 3277 9119 3856
10
18825216 27614125
7557726 28316895
13306065 7187328
8008044 1457911
21381750 20144592
2749368 44363594
76703400 22323312
10336170 1201356
8765550 9439488
8460360 5938093

6 6 8
8573 3383 9274 9706 1274 9353
6738 6354 9416 3667 1189 797
5134 7685 1532 5541 8698 6434 592 7230
10
35591902 45939420
29103425 42686702
6832681 34592892
37884028 1241510
34297451 60582544
31437191 45939420
39719997 16080768
20106888 54714987
12405461 58607124
1039305 1413696

1 7 5
5443
8295 824 3673 2612 2061 4707 8953
2930 632 8371 2167 8541
10
29218583 101745
4485032 10200069
25620201 7653160
45149685 21865052
63822077 29670300
48731179 7037784
5292760 1491000
5306368 10267866
11196038 23010000
45149685 2414320

10 10 5
4244 5885 3427 8185 4836 2032 5040 5652 5187 602
894 7120 1157 8397 4825 7693 2220 6535 878 5955
9134 5532 9880 8822 423
10
31603260 12281040
8576334 87538
3825000 1277088
23333700 10207054
9809160 37015600
20147400 814986
5831280 59690690
34432320 10568038
5196726 19259240
1784096 70345600

2 6 5
5783 4423
7603 4283 2551 1901 431 1213
3907 8081 7883 5689 9343
10
10700671 1503077
54158393 53947559
1906313 9562079
24768589 20614631
11283073 43253467
7332197 33405373
8408123 11333059
3980021 1463753
5661737 791267
11283073 33762889

6 5 8
8133 7753 989 5625 3524 169
7591 2373 2862 5794 6815
1642 9794 993 3169 4102 655 8619 7932
10
30881162 4215629
7444630 8088651
22584744 1594536
13348125 11190230
52836695 23241162
1282879 2356389
26750684 24667578
7507499 11739924
12209877 18469962
55595877 11686056

3 3 9
5050 460 9909
1958 8668 3317
8382 212 840 1244 8906 2318 226 3790 6846
10
54168128 73476450
32868153 7281120
30667140 11551848
16750850 32851720
9887900 1837616
1525820 415096
32558400 12864950
19401822 4126348
17204880 8695280
48922725 3627036

3 3 7
4047 5138 6074
7402 2060 6734
6038 8629 4651 5825 2844 221 3449
10
40902316 34426702
8336820 34426702
46119834 20588751
37601380 5546740
52493249 9140790
29955894 9581060
44959748 39225550
10584280 31319834
34067280 28898982
488862 72092100

2 8 4
3711 9997
987 4242 342 6715 3580 147 8625 7695
9838 646 6913 6658
10
46241566 10353272
39188826 58793632
76926915 978726
28556145 59624625
28556145 978726
3662757 220932
28566720 7940520
19436160 82140250
67129855 94962
11593800 53666280

7 5 10
1937 2472 8496 4580 5802 7102 4480
9657 6789 6578 4092 7847
8032 3641 6416 3144 9220 2218 6559 7645 4117 4171
10
2176335 38279255
30127240 61959312
48215478 20681232
8284052 22827293
23741784 51901905
82045872 28570927
44364240 22534848
19397784 44529051
12094264 22761200
12970458 34576960

2 6 9
6523 212
1854 6111 6235 9541 2899 8175
6331 9664 73 3512 7252 4048 923 8299 9111
10
12497550 24428592
33626314 16164762
18910177 21897320
533716 9005148
52530640 23701171
39862053 24058801
49353291 27658302
12093642 55677321
18910177 59285100
1321820 69191332

8 6 10
4751 3251 6277 4723 7549 409 6301 3089
2969 2459 6907 8599 2137 251
8693 5669 5791 6779 131 1289 9319 4673 5051 7573
10
27955349 13874137
49027883 935509
16435201 65931127
86135473 5875963
12978127 12302963
18707669 14486723
11682709 1900823
54182299 2181943
835649 5467633
2824963 22915421

6 8 6
5299 5574 4941 7506 5664 3081
2679 2812 2582 2391 2951 9668 6977 5821
5086 3328 1799 7057 436 1772
10
16714464 1226032
15637349 4819521
43692426 18905703
38431250 31423553
42037445 24885536
54427208 5123795
10914979 9857790
32970144 13132052
13894092 35485022
21710562 3666222

9 4 1
8995 1912 8528 2427 8742 7706 8001 8545 4534
5661 8197 9505 4067
5722
10
70043365 32392242
11888830 3900050
31014375 13290926
45293661 23271374
50920695 23271374
9870609 32392242
34683376 54387610
985320 29509515
11362420 13168818
20471247 13765668

6 6 8
21 4944 4364 559 5469 3255
8479 6766 8592 8255 2042 1515
23 1372 859 65 7551 5025 4537 7628
10
37002356 65539776
4233250 37497087
180432 64677812
4931325 536575
36397755 319900
10397250 59437074
42478848 9282952
45146595 132730
31811159 8178296
61828824 16306434

5 3 7
8747 223 9319 5639 9857
1307 1559 6871
1979 2221 9781 4999 4421 8737 9749
10
39446411 63136327
19644557 10317539
39401641 62060699
12179933 15260491
909827 17484839
347657 2586553
347657 2586553
38745569 2586553
2164949 14970253
12179933 67205251

6 8 10
4943 2333 2309 5419 1051 4759
6569 3527 2819 8039 3307 7109 1951 6203
5521 4219 173 1499 4547 5701 5693 1993 3461 6737
10
32470567 35363303
35597411 12206947
51485471 1489123
7471559 37449869
61607561 52499753
30661429 54158743
1659221 17450443
34028873 16508573
30071341 6601877
16414681 12362579

8 8 6
4111 4957 4799 4021 8273 7159 311 599
7541 5927 2357 5519 6803 9091 9323 7937
2557 3583 7829 653 4397 5839
10
5584477 44031899
72856757 22810987
4067023 22717249
38326853 59038489
55417211 17953723
62386693 14112083
28190171 10483523
33722471 59038489
24771949 5419231
3305881 46402483

7 4 8
8133 4963 8375 2030 1074 6082 1748
1664 8792 9537 8270
3845 6186 527 1956 2178 8868 5819 2847
10
13795380 157480
15368416 876928
8881980 9682816
2453230 18166941
19838252 87702420
49305169 13229520
43634696 6398080
69261250 33805240
24332475 34143354
9442608 84574116

4 6 3
5651 6490 7881 4947
6589 1795 4497 8065 6597 5323
2502 3668 6417
10
14146395 28857249
24415944 32116182
11649550 29582420
17065692 19539747
37408800 57220338
52341850 16505694
14146395 19524764
1809868 17995120
37234439 16494996
465160 30517367

3 7 5
7462 9598 3655
3498 6731 3862 5159 6088 1688 6418
3377 3199 2104 6797 2973
10
42766180 52711560
28818244 20559176
7448832 10291008
83701472 3928456
45428656 22730587
12595856 22730587
33573804 11481726
58432624 10854536
199578 51114646
2419416 20759067

4 9 3
6737 8009 2339 8761
7459 1637 523 3517 8429 8017 271 2711 1831
9433 8537 53
10
2839751 25049419
12335447 2313527
70236937 33175861
50230283 61530101
8226263 2556343
4582003 14363
21980027 769187
12335447 63677483
61421299 27007909
93102301 7338581

6 8 7
2892 2669 6852 5773 1573 6447
7971 1880 136 8900 774 5506 2142 6613
834 7378 8723 3300 7473 8403 9955
10
4468302 40623268
6194664 58810038
12822822 22099280
2238408 65664200
35497182 7705170
33498360 2195182
1189040 53102988
2841098 6736207
24422300 1703264
35497182 7422600

3 3 3
9281 6899 9341
191 8963 6823
2113 5021 953
10
63733643 182023
63324263 959011
75350113 80064437
42807689 75108053
47616901 11889029
1772671 14416999
3659521 386819
1317709 14416999
89143 20512559
47071877 18938819

5 6 9
447 6400 7499 2736 2885
6629 3449 3452 7708 3747 7319
2865 9621 8581 3763 7442 1027 8697 2248 1011
10
9436464 24944927
17431584 8210250
25999175 1438650
1143744 4451032
3445476 20968935
42310796 1082712
1541703 10735155
37835460 22316070
21089088 6807983
49710871 3489972

3 10 10
1941 466 5217
8599 5747 9109 5450 9195 8637 2989 3454 596 8529
1949 9130 2758 6751 4356 5631 906 526 4729 2199
10
17680569 5441480
44495793 5441480
48322963 39410056
10143141 63209125
10103900 43732710
6704214 20219805
4284870 58051849
4007134 313496
8093744 26968224
22748301 24768471

10 9 5
6187 2928 7716 5065 1420 7545 3385 1370 217 4612
644 2186 5400 4422 360 1368 6244 6141 3504
2679 5755 1031 4021 1575
10
50488 9850350
6058140 5500728
6853224 44539954
18279000 3664872
1823400 6964650
846560 28624375
11725586 1579952
48178704 9387216
6978166 23359536
27351000 371160

9 6 10
3413 1061 31 7507 9479 2267 8297 1559 3119
4129 7459 283 1951 6577 8039
4721 5647 1093 6883 1187 4919 683 6949 7639 877
10
831977 15215737
127999 36690821
12878351 42120973
12532801 8853833
30996403 13428733
5659109 1209401
6085169 23316463
49809139 2529559
2650723 2539333
959711 6162967

7 6 7
2192 7198 346 5083 4450 2101 2302
6820 2942 7702 8085 3910 7138
9274 3720 6062 8836 4776 237 2352
10
2249520 45448380
2371250 33838466
36282454 49011270
36465832 20453724
18138435 2297610
41096055 36261340
28519312 20431380
13091900 68054872
14949440 6919584
31764100 19015920

10 10 10
6238 7356 7562 2167 4566 7937 7449 4417 4943 3462
4997 3430 4357 899 1831 4356 353 8745 6221 8100
4830 6217 4579 5396 9449 7097 8327 2492 8056 7267
10
13582576 43689932
926532 18944253
17552700 38675957
23162704 5332083
3897944 48094255
39582126 45497936
13639119 15705970
5607962 23510372
35777700 31655052
3970883 27081252

7 4 5
330 1972 9466 2067 7522 8895 7780
2430 9691 7202 9955
3399 6232 6420 2145 2015
10
84123480 19561080
4791960 15448290
593541 64342608
21614850 62216220
18112556 13462260
14202344 15143760
21614850 62039560
1608688 12359552
2376660 5212350
10847934 64586592

4 7 5
3638 2684 5972 7862
7966 8929 8838 4171 6537 8923 1335
8232 8286 6923 1185 1895
10
71338287 1441530
5440736 24412748
53288156 28875833
24909212 7746345
10495770 34335672
24944740 73213580
490770 35598075
47572952 10473030
11194964 1581975
43070074 65621282

1 9 8
1085
3327 9549 6595 3129 603 3288 1178 1172 2150
3706 4542 5872 7459 827 6727 7161 3534
10
3227889 11353524
4626296 28173063
72392786 24759658
18859386 1332008
3609795 14211918
19009354 6113528
3394965 2131002
3609795 6917216
7155575 8435658
3567480 3540816

1 2 6
4351
6625 2461
423 105 3862 2992 974 8843
10
3488808 5122728
17054708 4713912
10707811 695625
10707811 19822000
28825375 9504382
2931737 542976
17827296 55504436
8978854 3760260
10707811 2802375
28825375 7363312

5 10 10
3791 1817 1965 3806 6707
4536 9052 8164 1631 1347 4450 3974 6888 5027 5199
145 7849 522 1945 2220 3819 581 3952 7713 6685
10
30949724 6228789
57031300 9022104
48274710 8252802
60711764 998760
19787394 30323160
35605170 15794415
1158608 9317592
29846150 71049148
6719823 5851040
9446583 19866704

4 8 2
804 4923 8982 374
3135 3055 5917 8251 8189 7730 7023 1520
49 2834
10
53146494 401261
33150705 72938625
6633804 378770
160515 2956590
255177 3476664
29129391 8657870
53146494 401261
24299100 22072190
13280574 57284544
73553598 344127

7 10 10
3504 8564 5428 2954 4935 8101 2888
7123 7408 4959 1174 493 7390 5376 2531 8676 7012
2971 2270 4209 7821 4962 9896 1173 7300 4808 6666
10
6372472 1119110
44909696 11471724
35152005 7825884
4347691 9839700
60050768 54078400
96075896 30301425
47093328 33713696
27329165 21943600
3206768 5943064
21041342 8668470

6 6 2
1721 8527 2753 827 3727 6257
9533 4129 4001 4349 6529 83
277 4099
10
11972797 1108277
2690309 14064671
49773469 25864051
16406293 26762371
11972797 16400099
11972797 22991
168811 44958899
3414683 17826551
13400489 8318213
44711857 594707

7 9 4
1459 4241 2633 4621 2593 6547 6763
7759 461 3911 6959 2699 3917 17 6311 1999
2857 1873 8123 4957
10
13087453 22167463
672599 18030527
4704983 38038543
138137 2966443
18100457 21923977
5183407 31769053
29429459 9952687
963113 11411341
2916541 18030527
1841999 5679991

2 5 7
2557 2713
3407 6841 1307 6863 4447
223 2879 1531 9011 613 7321 1571
10
31760167 60304691
8711699 11777377
18619319 6986237
8600077 16613423
18659057 2258563
12064711 24942647
9243191 4207019
3545891 32556487
27827549 49017223
49777069 6495469

1 2 8
2941
5042 6627
4845 7270 9914 7276 1651 36 5498 9331
10
14828522 61836537
18451197 15266370
19490007 36655340
14828522 48218052
4072248 20790448
14828522 61836537
18624204 14883536
982710 22662345
5435520 13325964
14828522 61836537

3 2 6
5376 753 1775
1346 3762
6668 6330 1226 3968 8550 7014
10
1013538 32165100
7236096 32165100
2832786 8975128
30285024 4022188
4104966 4662896
4914000 21329442
7236096 25085016
20224512 8975128
27256005 6575310
13735260 67905540

8 9 5
3687 834 7404 7105 4511 6434 7507 6559
3983 97 5136 6657 7043 6108 6828 8088 6857
1887 6427 1365 2536 6642
10
33687024 45351576
63281856 20102628
51475499 20511168
41162609 87490970
59883552 644274
7845820 1220490
20871296 4635600
437567 26455086
75531680 8643072
4283424 5436795

10 7 9
3587 6713 2336 1010 6392 6684 505 3802 3724 8312
4470 472 3810 7539 1443 5614 3493
6591 9125 5624 309 2394 2537 4420 2105 1426
10
1457430 145848
21344428 18048366
149310 33347160
21852160 55114908
2835070 19644632
28663278 15439060
46663568 145848
56081168 22982336
27772180 25659876
26712785 21770100

1 8 1
6521
1857 5474 2848 7137 2908 1282 9800 714
7641
10
18571808 22220028
63905800 9795762
4655994 14189337
51707322 3381810
18963068 14189337
2480940 73834968
12109497 21761568
1082655 7317579
13420605 6451253
15885793 2206752

8 2 1
2741 1873 2287 233 7759 1627 103 4273
1949 6421
2467
10
12026533 4808183
18822191 47
661363 4808183
15580333 2595959
22130357 20150407
454117 15840607
32366489 7087541
15122291 15840607
9651211 51022193
49820539 4808183

9 8 1
9913 7216 636 8948 4530 3822 5787 2912 7812
4016 6195 2307 5594 9262 7212 5982 5266
6106
10
48395340 14086542
2429350 92644533
142596 28230114
21359600 1989582
71492556 24521696
55432860 44036472
2554176 14086542
7930791 52729352
31372992 36526092
19800333 2477631

4 9 1
5443 1783 4153 577
467 8783 9181 4457 4339 2549 7937 4567 8707
1063
10
41838053 33831079
14296067 356051
14151671 4737791
35110021 3895961
2541881 9336329
7946831 4854721
4864913 7362539
32962361 2709587
2571689 496421
182983 7127321

7 2 3
7102 6756 5640 5592 6322 1315 7896
7023 5870
7094 4222 124
10
58042005 8580552
41688740 870852
635376 35687682
53176440 1233408
32825040 49821162
32825040 49821162
39609720 24783140
9335528 13934407
55453608 41641780
12380960 42226848

10 5 9
349 43 7933 3037 6991 9661 5417 2897 3533 9623
6469 4937 7717 7877 6871
2609 4721 4903 4289 7523 977 9719 8287 3191
10
920041 2158853
2398897 32638157
43021807 42087127
42669709 36431957
62488241 66779249
74553937 31717507
7306547 9013
23436529 21925361
2693233 4823449
10856191 6603379

6 9 6
3178 5506 8758 5042 327 7640
8896 4137 7390 1966 8197 2854 2040 3155 3513
5735 4696 5754 3969 4269 6999
10
25459317 22064056
4297680 40320
11304776 7152096
24995332 11312364
67965440 18093925
1352799 12522195
36231846 20213802
11965580 4131440
28983500 71884629
17712546 9579840

8 5 9
240 9716 2102 9089 4240 3950 1468 3885
1680 987 5354 3201 8767
2779 5076 9638 1563 6332 1772 4220 7871 8657
10
5161904 61473808
3531360 33901528
25021220 5153544
5909778 23397504
3898650 13508220
7859672 13702821
12643950 69005057
83896384 9241140
36016200 60605630
6526800 55512644

4 2 8
4384 7022 1853 185
9376 6738
9529 8473 858 1748 2565 4204 4816 3434
10
29539392 45154816
17373728 23138292
1246530 32197184
18514293 29268700
1246530 8044608
1550520 52033392
29296440 36867600
53210256 8131675
53126472 394290
1734560 64206402

10 10 10
7963 9311 5743 379 6577 6011 139 9043 2843 3947
3517 9341 631 1187 2269 103 1637 7057 1979 8969
5437 9629 5669 5693 983 9551 4793 8839 2879 7757
10
28005871 14469443
21140687 19055791
2880013 53267831
2233559 69338707
14523653 43944727
620423 3417373
73559579 13001069
51063827 3430139
28005871 44771413
17896097 6757591

1 7 2
4776
1240 8882 5215 9909 7803 9048 7722
8031 6479
10
24906840 58621992
1651215 13431147
43213248 62015382
42420432 62015382
43213248 62665893
11801450 1381908
29741733 86861150
41639472 19627656
25041960 37792800
42420432 33787985

7 6 3
4409 5189 6029 719 3677 5021 7057
9479 7019 881 317 4357 1231
2297 2707 9551
10
58665799 29979671
34854283 2023657
86988037 14322227
4571509 16122643
57148891 8414431
32825509 6939379
397339 2862799
8251007 7674061
6387659 25659653
3239437 67038469

6 5 3
8719 6947 3209 2207 2153 5279
2441 827 5119 5023 1259
167 8317 4229
10
4040131 3497383
17481031 16149347
5255473 838841
1825189 210253
4999747 10186439
6646261 20301797
6646261 21648251
36094273 4490021
12992389 48390889
37082137 749597

9 9 7
103 1223 191 6379 1163 9749 9013 1831 4787
6229 8087 7699 9203 9109 1831 2591 541 5347
3671 1531 7349 6311 3823 4049 8329
10
1739819 21580439
12318497 115691
1739819 2190509
792997 10490959
27080527 367511
43009567 20573
16527989 2068243
55772567 60140021
6218561 67356623
4441583 2424221

2 4 10
8210 1902
862 9364 7257 1558
8057 9326 8 6754 2345 1142 9651 1412 9938 4322
10
1639524 14529908
4932540 6840925
17810328 8287494
4971540 78022197
59579970 2021390
1422138 503690
76878440 14529908
21240624 36039396
10902420 20856770
7077020 14529908

10 10 10
4596 4794 9571 2918 5814 1884 5489 2227 2654 4945
7794 946 8592 1329 4304 3717 4121 1939 4096 6212
6231 5684 5622 8062 2445 6743 5730 590 7806 1145
10
7726806 41887516
3799873 19592088
49953888 23613330
18397728 14964600
42781266 5420580
40822488 50146470
5658002 8924130
34097668 23613330
7643583 18582648
69207760 21235435

2 7 8
5903 1158
5973 1457 2237 570 8037 2013 119
5627 2462 3500 7887 4195 3369 9330 7843
10
2618700 84197324
2331054 7536453
16930920 8597885
11882739 1110270
1687206 7829500
31645908 35308400
3364710 938553
702457 1920330
10662509 5397879
43424125 29967574

5 4 7
9381 3900 1154 3037 9287
6170 6767 8742 3721
9842 2604 5741 5363 6216 5281 3296
10
7120180 19650601
749048 6602256
83819148 10420224
26391300 35421970
82008702 20336320
10088268 16066680
257868 15719270
8569890 5615298
4629644 59787028
14511900 16066680

7 2 3
5126 4330 4042 1626 5251 3183 4213
6739 2364
9504 2943 5648
10
18181735 6248340
748440 58559730
33632436 23059092
34544114 22467456
34544114 22467456
6197952 6513425
35386489 6957252
12413364 64047456
31128240 20909878
9555288 38061872

4 10 8
976 6314 2584 3553
7946 9432 4490 8646 7279 4272 3845 7543 8094 2450
8292 1118 6112 1505 6056 6584 3027 8630
10
28349860 21143500
13661285 27191440
13538800 60576940
21635250 12184380
33130848 4160680
8438496 5786725
64816728 12902310
19491112 8137922
11490516 30907030
7361968 49017264

4 7 6
8316 4713 1095 5871
6410 3502 7375 1547 4603 2103 7827
4852 400 2144 2020 1496 7424
10
8359780 46970830
30210330 10203756
41823600 40276749
47220390 8546464
9082437 3130800
9911439 11709192
2302785 2950000
17488548 22333756
84744811 10287474
49086000 18321530

5 8 4
2597 5183 8666 3289 402
2246 1614 9068 2891 7580 655 7173 4312
9009 2964 908 7443
10
179181 50187780
19463836 8233744
4442225 47419122
10630793 4165920
8710596 5294617
37177659 26045019
13986924 26877552
1162182 12013002
19889496 6238728
23591997 26877552

3 8 10
140 999 8686
3651 3952 9795 9786 5241 7940 9884 442
3341 9906 6243 2182 9007 8781 7249 3468 6036 2587
10
3839212 71003955
2241328 4176360
441558 33937848
6363910 4631004
38601570 11762729
27024707 9491111
68966840 24672336
9874116 71003955
43246266 26713625
3647349 89025188

7 2 5
1298 9286 3492 8718 7948 4060 9284
1394 9383
6372 3437 2502 3789 3724
10
10022586 21850108
1809412 23476266
42536014 69349179
43484672 60895488
32765436 4791178
24588633 11507538
11079512 34942292
87130538 4791178
17727820 15888672
1809412 32249371

4 4 7
1069 6269 149 1559
9281 3989 6131 3371
373 3571 73 2693 3413 3457 9311
10
4264241 21194867
913519 291197
11628343 45409657
913519 246083
56728583 42854017
3310277 50943143
38143979 5989147
502279 33142451
9921389 13789973
10212227 15692779

7 5 5
4817 7951 9241 101 809 8629 2053
7321 2473 4111 1423 6299
8087 2351 617 2729 1451
10
47044597 1146161
2000657 3345473
30637169 35773147
5077069 5965061
5331037 15876569
5461439 246397
6854591 9139849
266503 18823247
415211 19999151
6854591 33245657

9 8 9
5743 7040 79 8272 8040 6826 8826 1541 3592
2149 2638 167 5295 753 2238 8186 4014
7958 6467 5142 4062 9230 5980 6425 3031 4253
10
5010994 52519320
46733670 16949150
6185574 16049145
65815440 858714
7916160 7862160
1175680 7995778
37276800 710251
11820270 28786848
2537136 81504100
4659876 14046472

1 8 3
3881
83 9941 1213 5821 4259 9601 6833 6607
7703 6659 6389
10
5087387 246149
15657281 11735249
26518873 32807077
25641767 73956503
8806729 4950949
4861391 35487757
25641767 7749857
322123 63933059
71405951 202133
37261481 76575523

4 7 6
2319 8078 4779 1450
8812 3056 5954 9983 8182 8600 4452
8090 7667 488 4264 5143 7287
10
8633300 80762470
7434320 49634376
66094196 64213044
8936884 23111619
23741200 60997060
31252557 13060410
19943400 3992816
6048430 81104247
66094196 32441724
14604624 45649318

4 7 8
6582 2373 3609 2560
4251 3092 7922 9273 1836 7683 6646
14 5509 5880 7317 5089 8865 2992 9816
10
14947827 20612500
14620780 40727125
31698513 60350
20351544 16276140
22004829 18022176
15770958 40315058
17161956 28096992
17013760 17033828
10882560 40315058
3902184 125658

10 4 8
2477 4421 2 5563 8273 4663 2003 1723 3593 6571
659 6163 3677 6599
3761 877 3571 8069 9241 8779 9349 1163
10
76461923 29623021
18307097 81626309
19109351 12407
12344489 3224729
7550423 37258213
13211461 2478499
11370077 766417
36878783 55395733
4330289 7167569
28738069 24818839

2 7 5
431 1597
4517 9257 6529 8231 6229 997 1871
5867 3061 7411 4421 4969
10
32575189 22806841
2987987 13826537
2987987 36389251
7138333 55775441
16639723 29529127
51727201 38192339
1946827 4407737
429707 13826537
1946827 45998033
92354467 8518123

1 2 3
5
4 6
3 5 7
2
1 1
5 2

7 9 10
3137 7727 107 8123 7877 1123 4451
7703 3109 8731 401 3643 659 6421 1289 7867
2843 8291 5309 7103 6781 9923 1693 2287 5669 4297
10
3257323 33099791
198059 61860361
49615067 19340687
14105653 5801179
5190943 62016293
307849 35300359
9741503 20735527
25120211 8179531
29592089 2848303
28695911 3498631

8 8 4
2996 643 2741 9162 367 476 3654 8934
6266 1764 3590 9054 848 1898 1004 1823
4497 5918 9104 6329
10
75116888 12748760
3861880 82215144
13130865 37669677
28544475 1311220
73720232 4226664
903448 9140416
4835124 16144230
6661242 4514988
368468 28178202
55980444 40715838

9 4 9
9241 2239 8681 367 307 1879 5839 1627 2213
9787 7883 233 4507
4339 2011 4283 3257 241 3467 8291 1511 2593
10
9180539 16006247
46028837 14679299
6042889 33831089
84960947 9063577
25257313 1819073
29842663 14365987
39918157 442423
515629 9063577
3591829 604169
2420081 25377691

5 6 5
801 858 1656 6385 672
946 3707 4079 6765 3039 5910
6831 3899 4728 5277 6115
10
2607462 41367975
3499782 40371210
2434239 6462126
3267279 41367975
302126 52535052
9303261 88550023
39492414 46787832
3499782 31984920
35882070 26790008
4636678 17110689

4 7 9
1230 7786 7535 1320
6025 6000 5604 3984 146 4082 1438
5871 4619 5374 9381 5694 193 1816 5636 7986
10
30757870 674374
7397280 47916000
50215519 36186982
1898160 857166
46910650 6642122
69036950 2376528
8431236 40579752
12023552 78419580
46910650 674374
69917250 24288174

7 9 10
6927 2458 6700 6236 4292 9888 9370
2163 3817 1317 3900 8745 1704 2133 1437 6390
4124 8197 672 2340 6749 6978 9930 9180 6972 8921
10
3532146 7027296
3619592 3270192
9382186 34791900
37742496 35802000
54000432 43841028
3237186 1433376
13847832 18132170
30238312 15641496
26130000 80279100
32149740 312417

8 4 4
1035 3880 7581 4199 3696 2378 3117 5382
2062 8206 5610 5928
1480 573 4055 3594
10
7760049 68924188
13340580 21305232
5653722 51200874
5806350 8361410
21073605 7949520
30329376 8773440
1499020 7248120
70480 36534814
8000560 22748550
30193020 7410828

4 10 1
4266 7052 9577 5682
8388 1090 6146 8909 9441 5525 1032 8157 687 7162
5650
10
678912 5928713
62826268 34724900
57523164 40465300
12781468 39608304
30486656 69615072
26218836 50335850
66922425 23762550
35783208 34724900
4439920 18040456
59152176 46087050

3 4 10
1997 2616 8764
1427 4356 5576 3433
1179 7980 227 8512 8928 5798 4457 1307 4565 2772
10
21519161 78418467
1079250 13943705
7291424 8749794
8915319 52627526
3733032 7287832
14586816 27395340
2849719 5693292
8980728 1682433
8698932 8273746
41544265 6921662

2 2 5
3221 5849
2 131
5581 8969 4691 8363 971
10
766219 11162
11698 1174939
49600483 517943
11698 127201
11698 127201
33579037 30969769
6442 1095553
70534159 41637979
667651 22339
13374967 63967147

1 2 7
9596
7675 1870
9937 3590 9108 1781 9906 496 8866
10
17944520 13669175
12526144 7287639
7741261 440860
30264320 2348484
2109450 44625465
17975328 802802
73649300 3330470
73649300 3330470
17944520 13669175
73649300 17031960

6 5 1
6336 20 5673 7604 7220 8937
1059 7588 486 6502 362
5043
10
6007707 32789586
67813956 5340537
54785360 1825566
2872800 19300754
4154490 64655232
57071916 12322506
1151388 71266272
7645980 2450898
6709824 32789586
9243948 33590022
