100
80687
70149
128
99676
4
30417
66984
93654
64928
74052
63122
33433
8463
94078
3064
17688
73104
98502
6460
31666
92564
99262
10
82775
78989
3
96564
75442
29757
74152
92425
2
43294
98847
95897
32768
29582
36523
7599
72721
73562
1
88902
96440
19278
8028
94543
67585
98984
32809
5274
93102
99695
29366
97325
98017
1686
96009
66438
41693
94089
94818
93545
61337
35075
12820
73036
87346
76756
80481
94222
35609
95199
67336
128
38925
12989
98082
97539
95835
13380
13878
90615
128
13850
93951
256
16285
78649
15363
50249
93154
8911
47839
58497
80992
70285
8924
45328
25345
