100
7 8
18219 461119388 6 79692 96835 67001 5
3 5
2 6
4 6
2 4
6 6
1 6
2 5
1 3
2 3
48806 6185
0 0
0 1
0 1
8 5
778599115 518341492 10 589 507874465 85951 516388816 472673429
0 5
3 7
1 3
5 6
5 6
8 5
783446058 5379 9 26093 4 829356878 5 687425028
0 1
1 5
4 7
7 7
1 5
8 10
304039931 34021 682671561 97874414 158126210 4 559246388 512572046
3 7
4 6
5 7
4 4
1 4
5 7
0 3
0 0
3 5
2 6
2 2
78472 558965194
0 1
0 1
3 2
509251516 4 2
0 1
1 2
1 7
37684
0 0
0 0
0 0
0 0
0 0
0 0
0 0
7 10
4 4 33054 7756 4 860364807 10
3 6
0 5
0 4
3 4
1 1
0 2
4 5
1 5
4 5
3 5
10 1
8 10 953362847 87377127 47029 847767938 597486281 802904051 36983 8
3 5
2 7
587514015 341846882
0 0
0 1
0 1
0 1
0 0
1 1
0 1
3 3
1000000000 32767 1
0 1
1 2
2 2
7 4
41038 32742789 49145 68316 80555 8 443009927
1 3
1 1
0 2
0 1
6 4
5 1 4 78745 25602 781455755
1 5
0 1
0 2
4 5
3 3
354353425 453523523 543557893
0 1
1 2
0 2
10 10
6 219004005 13192 61129 963255309 5568 611518950 5 31261866 54960
0 7
7 8
3 7
0 9
0 3
0 7
2 5
6 7
3 6
2 9
10 7
42532 4 296973094 796627308 11854 5 9 8 29313 9
3 8
4 8
6 8
2 4
1 3
8 9
0 0
4 1
4 10 1 22664
0 1
1 1
324824964
0 0
8 1
89262 20421 124062696 6 650218334 435049840 513232040 503970812
0 7
10 10
33622 6 29828 53995 885936552 77792 73931724 518449199 723872800 13085
8 8
1 7
2 5
0 0
2 2
3 4
2 3
5 7
1 3
3 5
8 5
489922773 4 8 9 1 36300 37191 829410096
4 5
0 6
2 6
1 3
4 5
10 10
56933 1 747746268 1 53722 850398160 7 984817809 923258887 554419128
3 5
1 3
1 9
0 7
6 8
7 8
0 6
2 7
5 7
0 3
7 7
53780 5 7 75690203 10 8 90824
0 4
3 5
1 6
0 6
1 5
2 4
1 3
3 1
8 238309027 83188
2 2
2 2
521372139 5141
0 0
1 1
10 10
81567 331460677 22361 9 16185 4754 517667911 6 8 191946212
2 4
0 7
1 2
1 1
2 3
5 7
1 6
2 3
2 2
5 8
3 6
9 31798 5
2 2
1 2
0 2
0 0
0 1
1 1
6 1
38698 472751439 1 236403140 56295 1073
4 5
5 9
982151058 6550 2 5462 10
1 3
0 4
2 2
1 2
0 1
0 2
2 3
3 3
1 3
1 7
656260707
0 0
0 0
0 0
0 0
0 0
0 0
0 0
10 10
65396 102509965 66512 67643 501887858 6 10 98025 10 336324796
1 5
0 3
0 6
1 4
0 9
5 8
1 4
3 5
8 9
4 6
9 8
99027 529940824 30871 6 101020964 3 88537004 896284610 69824
5 8
5 6
5 5
7 8
6 8
5 6
3 6
0 1
1 10
541162301
0 0
0 0
0 0
0 0
0 0
0 0
0 0
0 0
0 0
0 0
10 10
18408 971983879 634551882 59218 370679318 9 24021 666667775 8 53798
3 6
0 7
1 9
3 7
2 4
0 9
0 3
4 6
4 6
0 3
2 2
336889535 10
0 1
0 0
4 10
486682603 2637 9 97423
1 3
0 2
3 3
0 0
2 2
0 1
3 3
2 2
0 2
0 2
8 10
3 160340066 389315351 3 363701185 153051435 8 74528
1 2
1 4
3 3
0 6
0 7
0 1
3 4
5 7
3 6
0 1
4 4
1 7 34337 16383
0 2
2 3
2 3
0 2
10 10
8 4 96768 413828975 82381 725587354 2 26600112 248806085 892025458
5 6
2 9
1 1
2 2
1 6
0 5
4 9
3 8
1 3
1 5
7 8
10 948704552 7 4 575770014 63492 34083
4 4
3 4
0 5
1 5
2 4
1 5
2 5
4 5
10 10
7969 5 13547845 730412517 588067708 250849196 70012 4 935563123 7
2 9
0 0
1 8
0 2
2 7
3 5
4 8
1 6
3 7
0 0
4 2
99838 50341 676101650 61183
0 1
0 2
5 9
70902 803263459 868774675 8 548869742
2 4
3 3
2 2
3 4
0 4
2 4
0 3
0 1
3 3
2 2
1 4
0 0
0 1
1 7
1
0 0
0 0
0 0
0 0
0 0
0 0
0 0
5 6
5 555237128 688486389 626375782 7
0 4
0 2
3 4
2 3
0 3
0 3
6 1
908144437 86232 472410136 72151 78138 23290
3 5
3 8
8 198060545 999474439
0 2
2 2
2 2
0 2
0 2
0 1
0 2
1 2
10 8
541363116 9 259610016 9 342215612 9 564507892 5 9 51326
5 8
0 3
6 7
0 7
4 8
7 8
0 9
1 5
10 10
3 17412 8313 2 9 17246 44450098 57713 982561938 2
4 4
0 5
6 8
0 8
1 1
4 4
4 9
1 9
4 6
2 6
3 2
203594574 58836 3
0 1
1 2
10 10
30718 15800 91151 10559 720135714 50942 790625482 647340879 3 6
0 3
5 7
6 7
4 9
0 8
1 8
0 8
8 9
0 7
4 7
10 10
71432 2 157687903 11997 8 53701 21246 13771 614201360 29708
6 6
0 3
1 4
2 4
3 3
5 5
4 7
1 7
0 9
4 6
10 10
7 39330 66594 51674 892509010 4 3 99389813 900893225 31477
0 7
1 3
5 6
3 8
1 7
2 5
4 8
1 1
0 4
3 8
3 2
12905 1 8
1 2
0 1
8 7
899752898 6 93748 40984 600910717 894832883 8 198576058
5 6
3 7
2 2
1 5
2 5
0 5
2 4
1 2
97174836
0 0
0 0
10 10
3 6 196724388 5 341068855 89856 5 157685917 15094 7
1 3
4 7
1 2
4 7
1 2
4 5
8 8
0 6
2 2
3 6
10 10
5 56974 358592726 840633131 4 56066 10 5 8 76073
3 7
1 2
2 3
4 6
6 7
5 5
0 1
1 6
0 3
4 9
10 10
1 239517814 29456 8 8 105691011 144405312 398502843 11714574 85736
5 5
2 5
3 4
4 9
7 9
7 9
7 7
3 7
6 6
5 8
8 8
259149171 2 5 3 5 79925 10 155662388
1 1
0 1
1 1
3 7
0 7
2 6
0 7
6 6
8 9
537010048 461009200 331880221 980728879 910043606 231380088 8 4
1 5
0 5
1 2
3 6
6 7
2 5
5 7
5 6
1 3
5 8
9 2 41912 316064331 89860
1 4
1 4
4 4
3 4
0 1
1 2
2 4
2 2
10 10
408295851 45973 3960 10 349927703 812216262 627772085 75947 773057097 28565
4 9
9 9
4 6
4 8
1 9
0 3
3 3
2 4
3 9
2 3
10 3
7 40834 99503 9 7 4 774020581 46380 667939788 1
0 8
7 9
6 8
6 9
9 3921 42979 3 658261137 6
2 5
3 5
0 3
4 5
2 2
3 5
5 5
1 5
0 4
7 8
114616466 689325355 48512 40962 9 2 4
6 6
3 5
4 5
2 3
3 3
5 6
2 3
2 6
9 5
51152 2 2431 1 353654664 782190921 652216286 46836 1
0 7
1 7
2 5
0 1
2 5
10 10
1 548437892 46591 348467044 40373 94203371 1 8 45108 4
1 1
1 6
1 9
1 3
4 7
3 9
7 7
4 5
0 6
4 8
10 2
93699 9048 4 487896641 271279770 3 33949120 86463 435589997 98968
1 7
2 7
8 1
3 5 6 16317 7 90498362 83342874 801043682
3 6
10 10
79756 210103970 7 6 3 36004 958826348 64832516 896961717 6
2 9
3 6
1 5
4 8
2 8
4 8
0 9
4 8
3 9
2 9
1 5
185479168
0 0
0 0
0 0
0 0
0 0
3 9
856407124 650477466 749398955
0 0
0 1
0 1
0 2
1 1
0 1
0 0
1 2
0 2
10 10
18347 10 84262 6 1 5 549824694 89431 775085875 1
4 8
0 4
8 8
1 9
8 8
3 9
0 9
3 5
3 5
3 5
10 10
435189479 173300101 38229 73459 7 92825501 203771150 56735 1 62775
0 0
6 8
5 8
2 7
0 1
7 8
5 7
2 9
1 8
1 9
10 4
9 57216 329965991 4346 4 9 1 5 18383 3
5 8
0 3
3 3
6 9
10 5
10 537578332 6 149397128 9 31774 16259 8 30868 17409966
7 9
4 7
4 4
0 6
0 4
2 10
51914 750240620
0 1
1 1
0 1
1 1
0 1
0 0
0 1
1 1
0 0
0 0
6 3
250466393 211075057 337338565 69062 11958 76725
2 2
3 5
1 3
3 2
1 2 3
0 1
1 2
10 4
7637 35319 2 3 457887840 991913191 45755 31084 330620540 31469
1 6
1 2
4 7
1 9
6 2
1506 98353 13163 875224828 976380709 4
0 4
1 5
8 6
81186 507418419 161684273 308927393 33745 776616328 2 97920
2 2
3 5
0 1
5 6
1 5
3 4
9 5
179891587 8 1 945565217 2 100 14154 265958127 198038594
1 2
1 1
1 8
6 7
0 7
5 1
27850 3 640233488 95681 93565
0 1
5 3
906607206 38759 1 41147 7
2 2
1 1
1 3
7 10
1 918265446 69352 256636206 7 90466 97190
1 5
2 4
2 5
0 0
3 4
0 0
2 2
1 3
3 4
0 0
10 6
44484 27148 636203589 58702 6 381747082 1 459685469 51240 8
7 7
0 2
5 7
3 6
2 9
4 9
2 9
5 8
0 1
0 0
0 1
0 1
0 0
0 1
1 1
1 1
1 1
3 6
6 79360 5
0 1
0 1
0 0
0 2
1 2
1 1
3 8
2028855 3 7
1 2
2 2
1 2
1 2
0 1
0 2
0 0
0 2
1 1
1000000000
0 0
9 8
10 790941148 850027070 84788 508889589 7 9 389155285 49182
6 8
1 4
2 3
1 4
3 3
2 7
3 4
1 7
10 2
5 5 5 4136 395523466 181087091 3 7 9 76516
2 6
0 3
9 2
1 3 36440 31768 10 8 9973 34073 72879671
5 7
6 8
2 5
10 1
0 0
0 1
0 0
0 0
0 1
7 5
512571124 514047658 235614172 10435 10 10 882718444
5 6
3 3
1 2
2 2
1 3
10 10
1 3 4 98247 1 582097020 225991410 35515 6 462977381
5 7
6 6
0 3
5 5
7 9
6 9
6 8
1 7
4 7
0 8
