100
8 9
2 10 319143437 81472 8026 67959 1 97450
2 7
5 7
3 5
0 2
2 5
1 4
3 5
2 3
1 6
2 4
178741873 1
0 0
0 1
1 1
0 1
10 10
727694902 793456494 5 41155 3 38538 5 29213 6 641819547
0 7
3 3
7 8
2 6
4 6
0 9
2 6
5 9
0 5
6 8
1 10
573066201
0 0
0 0
0 0
0 0
0 0
0 0
0 0
0 0
0 0
0 0
2 9
619573033 306976369
1 1
0 0
0 0
0 1
0 1
0 0
0 1
0 1
0 1
3 9
35012 3 9
1 2
1 2
1 2
1 2
0 0
0 2
0 2
0 1
0 2
9 8
17297897 132373787 327080814 376296788 11526161 6 95364 8166090 97136
6 8
5 6
1 2
4 7
1 2
2 7
4 7
3 5
6 7
50033 31611 973784040 691370227 1 5
1 4
2 4
3 5
1 3
0 3
0 3
2 4
7 10
166930655 5 9 3083 41150 2 71142
0 1
0 1
0 1
4 4
4 6
2 3
0 3
5 6
3 4
1 4
10 10
564423935 6299 393281949 20158 935138629 61767 249959021 147218838 3 10
4 6
3 4
2 6
1 8
3 5
1 4
2 3
2 3
1 5
1 7
6 5
750318921 315119429 5 9520 3 139543296
2 4
2 3
1 3
1 1
2 3
10 10
173740164 5 684374504 644875752 95717 59655 3 17838497 96671 6
1 7
1 8
0 8
1 4
5 5
1 9
8 8
6 7
0 1
6 6
10 10
94213 95045 2 851019008 10 2447 421450658 1 5 173815402
8 8
1 5
0 1
2 4
0 1
4 6
3 7
1 1
3 3
3 5
10 10
24191 7206209 7 7 997038673 526429006 817174843 13870 55376 520460579
5 7
6 9
0 6
6 9
2 4
2 3
1 6
2 7
8 8
2 8
6 1
5 16261 581656608 48359133 46400 9
0 1
9 10
4 8 7 662058337 225705811 397805199 10 35500 6872601
2 4
2 4
3 3
3 8
3 6
4 5
2 3
1 2
5 6
0 6
7 7
3 9 64383 86429 683982545 34052 899803906
2 6
4 6
2 2
2 3
0 5
4 5
6 6
4 10
84310 24600 69252 3909240
0 2
1 2
1 2
2 3
2 2
0 3
1 3
0 3
1 3
2 2
9 3
543512451 36558 3 5 3 26936 78641 27554 54417
0 1
4 7
2 4
3 3
1000000000 32767 1
0 1
1 2
2 2
4 1
642672133 91779 777838458 8
0 0
8 9
6 21252 5 1 889422609 78093 1 257321790
0 3
1 2
0 6
4 7
4 7
1 3
0 4
2 4
0 5
10 10
421681501 6 410110006 8 38504 52183 1472 1 33856 6
7 7
4 7
6 9
1 3
3 7
8 9
5 8
6 8
6 6
4 4
3 2
1 2 3
0 1
1 2
5 5
58352 470071584 84987 73387 51812
0 3
2 3
1 4
3 3
0 4
5 1
1 9 54449 368388443 37146
1 4
3 9
22188 4 814901438
0 2
2 2
0 2
0 2
0 2
1 2
0 0
0 2
2 2
10 10
6 2 11144 274136758 203 2 292907089 591762447 39052 465281290
4 9
4 6
2 5
0 3
0 5
8 8
0 3
1 5
7 9
5 7
5 4
321771714 51053 169588689 653369352 45746
0 4
0 1
0 2
2 2
7 9
11926 74710 7 61654 10 421264803 10
4 5
1 5
2 5
2 4
4 4
3 3
1 4
2 6
6 6
1 5
691655259
0 0
0 0
0 0
0 0
0 0
10 10
9 5 8 5 798292433 18306299 6 748255952 967468349 666373532
6 8
1 9
0 7
3 5
3 4
0 6
5 8
7 8
2 3
5 8
1 2
420078983
0 0
0 0
5 4
10 893124208 12323 8 51786
2 3
0 3
2 4
3 4
1 6
18583
0 0
0 0
0 0
0 0
0 0
0 0
2 8
541290717 995018034
0 1
0 1
1 1
1 1
0 0
0 0
0 0
0 0
1 4
6
0 0
0 0
0 0
0 0
6 6
99034 803811446 154351165 10 5 3
3 3
4 5
3 4
3 4
0 1
5 5
6 3
18570 2 42054 7 12174 228718943
2 3
4 5
1 1
10 5
78847 64521 75852953 96899 63313 139557347 48567 6136 3 520201004
6 9
3 6
2 6
0 5
2 6
3 6
37689 511464585 72410
0 1
0 0
1 2
1 1
1 2
0 2
10 10
94035 867902906 4 219195900 639545232 4 198321702 9 654126164 832504623
4 9
0 1
8 8
4 5
3 6
0 9
3 4
0 5
0 7
6 9
7 2
894871242 967670604 31143 140233912 8 7 4
2 4
6 6
9 5
35939 3 49951 656797382 39632 23423 9 39681 3
6 7
4 8
0 1
0 2
3 6
7 7
3 4705 2 163825057 178402361 99258309 3
0 5
0 3
0 3
2 3
0 2
3 6
1 2
4 10
566479855 327369031 13126 1
0 3
2 3
1 2
1 2
0 3
1 1
3 3
0 0
2 2
0 1
1 1
7
0 0
1 1
1000000000
0 0
4 2
9 9 91077 9
0 2
0 3
1 1
107049131
0 0
5 3
3 39715 64167 6 23337
1 3
3 3
0 4
10 3
30576 8 496195578 8 3 66177 72031 10 93213 83152
3 5
3 9
0 6
4 3
2 873905875 3 5
1 3
0 2
0 1
10 10
215166933 737630177 854793752 753502729 1 4 17244 30875 659222320 6
6 6
0 4
0 6
6 9
2 4
6 6
8 9
1 1
0 6
2 5
10 10
36491 99372 7 4 5 6 4 3 440409660 72936
5 7
0 8
2 9
5 8
2 7
1 9
1 9
4 6
0 2
0 7
10 10
7651 42146 705387385 567531789 68743 1 5 4 440919981 10
3 5
4 6
0 7
3 7
3 7
0 9
0 6
5 9
3 4
1 7
6 9
7 21988 92144386 969746450 9 5
1 3
1 2
3 5
0 5
2 5
4 5
1 5
1 1
3 5
2 8
49024 75912
0 1
1 1
0 1
0 1
1 1
0 1
0 1
0 1
10 10
9 2 3 244742627 4 15057572 8 88172 934138627 7
1 9
3 3
4 7
7 8
0 3
2 2
6 7
1 7
4 6
3 4
4 2
3 6 742071989 3
0 0
0 2
10 10
217928808 184499759 2 89841 66414 757360235 9 96353 1 9
0 6
1 2
1 6
6 7
6 7
2 2
2 6
0 7
0 2
3 9
8 1
6 10 14069 31846 4 7 43100 52899
1 6
7 1
7 487143273 666550037 99744 19056 557066961 686208370
0 4
3 7
856334183 9814834 5
2 2
2 2
2 2
0 1
0 2
2 2
0 0
3 3
354353425 453523523 543557893
0 1
1 2
0 2
10 10
6 7 65925 50324 801320964 843242053 4 57931 7 42755
0 1
6 6
2 5
4 5
3 4
5 5
3 4
0 2
2 5
2 9
5 9
51904818 306589390 265915063 8 292706024
0 3
1 1
0 1
3 3
1 4
0 1
2 3
1 2
0 2
1 3
613302260
0 0
0 0
0 0
8 2
61664 36716074 818643230 33385 60115 51991 986152846 799341450
3 7
5 6
10 8
471636822 2 2089 4 10 630286043 69532 9 79133 41164
1 2
4 8
2 7
0 6
1 9
0 7
1 9
2 5
8 1
4 94534 330809293 85961 1 9 167001347 31421
1 5
3 3
80808 854444145 18377
1 2
2 2
2 2
8 9
269757415 6 739189009 406827136 597712612 158190413 14279 35483
4 7
5 7
0 0
3 3
2 5
0 6
0 1
5 7
2 7
3 9
6 13432 36541
0 2
0 2
0 2
0 1
0 1
1 2
0 1
0 2
1 2
10 10
371029485 8 367465436 48210 7 521391919 175214711 88260 8 83405
4 5
0 1
7 9
0 1
3 8
8 8
0 1
2 8
5 9
7 8
10 9
134882007 54554 42987 10 69283 36356254 58998 773737592 292986233 906854795
0 1
2 4
7 7
2 5
6 7
7 9
0 6
5 6
6 7
2 5
4 64279
0 1
1 1
0 0
1 1
1 1
10 10
9 435219996 32413 2 791933758 54725 88211 89008 81813 499449903
0 5
9 9
0 9
6 8
1 3
2 7
3 6
2 8
3 5
5 8
3 9
184514623 17534 95372
1 2
0 1
1 1
0 1
1 1
0 1
0 1
0 1
0 2
9 7
689249325 709574217 9 78213 26246 3 42105 386003718 43520
3 8
1 7
4 7
0 2
4 8
0 3
0 6
10 10
29755 1 14193 71029605 8 1 8 7 25487 37246
1 1
4 9
0 2
2 7
7 8
1 8
9 9
0 3
6 9
7 8
5 1
39925 2 93479 79922 653
0 0
2 3
110610541 18080496
0 1
0 1
0 0
8 3
73031236 381763972 51771 5 701052179 4325 976382993 3
4 6
2 3
1 5
2 2
1 4
0 0
0 1
2 9
8 6
0 0
0 1
1 1
1 1
0 0
1 1
0 1
0 1
0 1
8 9
8 5 83819 439488481 1 6 6103 2
3 5
2 3
0 2
2 4
3 5
6 6
3 4
7 7
2 3
7 7
238775523 278324964 408550796 10 10 275537341 751327678
1 3
2 4
4 6
0 3
1 4
3 4
0 3
8 4
70069 865927044 129569740 20253 382120055 744546461 88353 2
0 5
0 7
5 6
4 5
10 10
1789 5 10 7 3665 47263 7 55249 445 82339
3 8
2 7
3 3
2 3
2 8
7 8
7 8
5 8
8 9
3 8
10 9
283949583 33020 80824 963468548 36758 38075 141539612 30998 1 659574515
2 9
3 7
2 8
5 6
0 4
5 7
3 6
7 9
2 6
7 9
2 848344060 72443 19 49553 8 61555
4 4
0 2
3 3
2 6
4 5
3 5
3 4
3 5
1 2
10 10
7 55884374 438357928 99239088 67222 831474547 8 41374 86683 976048701
0 6
4 8
2 3
0 4
1 2
0 2
3 9
1 5
2 5
0 7
4 1
76948 2 65254706 219664064
1 1
6 10
36780928 413815804 12431 78629 71429 693328536
2 3
0 5
3 5
3 5
1 5
1 1
0 1
0 1
5 5
2 4
10 10
6 142799889 35768 170609375 15588 5590 828233645 2418458 9 650242032
1 1
2 9
2 8
6 9
0 8
2 8
0 3
0 4
1 3
2 3
6 8
19407 25138262 4 6 86753994 92978
0 0
0 2
0 1
4 4
0 4
1 3
2 4
5 5
10 7
9 278830567 10 9 6 10 8189 463644649 26095 1
4 8
3 4
3 5
8 8
6 7
5 6
1 3
4 3
51992 757997907 10 2
0 1
0 2
2 2
3 2
795389098 5 8350
0 2
0 0
