100
5 7
28393 813410396 8 70649 37205
1 4
0 1
4 4
0 1
1 1
1 4
4 4
10 10
20879 951582912 190900869 626836675 3 8282 9 60046 27692340 752931101
6 7
4 8
1 6
2 7
1 1
1 1
7 9
0 5
0 0
2 5
10 6
10 10 2 92783 7 9 4 5 1 4
0 2
2 6
2 5
2 8
4 5
0 4
6 2
21497 1 718126816 612015675 7 55811
1 5
1 4
7 7
82880 683637933 57364 3 5 445320700 5
3 4
0 0
0 4
1 6
3 6
4 6
0 1
10 10
1 290572214 360127275 2 721022328 551340431 538908052 4 240146833 3
4 9
8 9
1 4
0 5
3 7
0 5
7 8
3 8
1 8
7 8
6 3
50967 9 260625516 6 24873 742254701
1 3
1 3
1 2
2 6
443618957 60991
0 1
1 1
1 1
0 1
0 1
0 1
6 1
60492 9 7 251869053 758763946 335548809
1 2
10 10
954310947 45705 81605217 10 942966776 14690363 668285106 31333 86228 9
6 8
6 7
5 8
9 9
5 9
0 4
7 8
1 7
1 3
8 9
2 4
58606 74971
1 1
0 0
0 0
0 1
7 7
6 4 1 6 1 362216179 132076061
0 6
3 6
3 5
5 6
3 4
4 6
0 3
6 2
899377198 776486245 6664 90068 852143433 459874535
2 4
2 5
6 9
10 788825971 7 857164305 3 623090334
0 2
1 3
2 3
3 3
1 1
1 2
2 2
0 2
0 2
1 4
6
0 0
0 0
0 0
0 0
2 9
4 5
0 1
1 1
0 0
0 0
1 1
0 1
0 1
1 1
1 1
9 5
7 92931 95109 369381886 139070130 79026 72666 8 79526018
2 7
6 7
3 7
3 3
2 6
10 10
9 10 885474805 1 79495 17868 151884226 23105 1 57768036
5 6
0 5
0 6
0 1
4 7
7 8
0 2
8 9
5 7
5 7
4 8
358089241 79441 90457 58859
3 3
1 3
3 3
2 2
1 2
0 3
0 3
0 3
5 7
504381503 8 6825346 54547 26643
2 3
0 2
3 3
1 4
1 2
0 4
0 2
10 10
920846280 45953 88318 133245704 6 932845344 11849 56331 46378 751358556
2 5
1 4
0 9
2 4
7 8
2 7
4 8
0 0
3 5
4 4
1 2
58159
0 0
0 0
1 6
95979
0 0
0 0
0 0
0 0
0 0
0 0
9 5
900091146 94238 10 5 57763 912477762 609918204 17587595 5
4 6
1 5
4 6
0 3
0 6
3 5
85045 4 5473
0 1
0 1
0 1
0 2
0 2
2 2
1 4
0 0
0 1
4 6
8 32207 4 7
1 2
1 2
0 1
1 2
2 3
0 3
10 10
409329860 2 11932 96411 828512293 433483231 1690 9 784388536 5
6 6
1 2
1 9
2 9
3 8
1 8
2 7
0 3
2 8
7 8
5 5
562498519 8 78112 83460459 934157940
0 3
2 4
1 4
1 2
0 3
1 8
10
0 0
0 0
0 0
0 0
0 0
0 0
0 0
0 0
10 10
266837022 8 96183 9 93581 6 1 5 64106 8745
4 4
2 8
1 2
3 3
0 1
4 7
7 9
2 3
0 1
6 9
10 10
65659 5 352776785 420986412 91427 87489 3 2 88448 13368
1 4
4 8
6 6
9 9
3 8
7 9
2 3
5 7
7 9
1 6
4 2
415822847 55347 694909445 6
1 2
1 1
5 4
32330719 11874 38053 70872 557764013
2 2
2 3
0 4
0 3
4 8
22922 880099487 4 892616036
1 1
1 3
0 1
3 3
1 3
0 1
0 2
2 2
4 8
74416 690349084 745362176 23476
2 3
0 3
1 2
0 3
2 2
2 2
0 1
1 2
2 2
4 9
0 0
0 0
10 10
55574 7 563219643 71962 58591 34328 4 10 4 152488233
3 8
4 6
0 9
7 9
3 4
1 5
5 5
0 4
0 7
2 5
7 2
357886866 241307390 87945 6 95909 916217256 34208
1 6
0 1
5 9
9 7 593228866 877853395 4
0 3
0 1
0 1
2 4
2 3
0 3
0 4
0 4
2 4
10 8
661013497 248053857 623210814 84799 600394665 4 1 4 10 32037
3 4
0 5
4 7
1 7
3 4
0 3
6 9
1 5
10 10
656588081 40492 5 993450946 99481398 93315 4 898299898 60141 897396053
1 7
2 3
2 3
0 6
1 2
3 7
4 5
3 7
3 7
5 6
3 8
412883294 6 7
1 2
1 2
1 2
0 1
0 2
1 1
0 2
0 2
6 6
694557676 40681 6 38938 993158645 91442
0 1
0 4
1 2
0 3
3 4
4 4
10 10
62161 39108 6 945688897 3 559153195 35808 6 32091 51445
3 9
5 9
2 8
6 8
3 6
2 9
3 9
0 3
2 9
7 7
3 2
89154 6 6
1 2
0 1
3 8
427788267 7 313072771
0 1
1 2
1 2
1 2
1 2
1 1
1 2
2 2
10 10
331236675 43191 8 617711356 49195 13415 7 8 57032 7
0 8
5 5
5 9
3 8
3 5
4 9
0 5
4 6
2 3
2 8
8 7
637100225 11447 515558292 3 73535 90911 23037 5
2 2
5 7
2 7
1 5
4 7
3 5
6 7
3 3
1000000000 32767 1
0 1
1 2
2 2
3 3
354353425 453523523 543557893
0 1
1 2
0 2
8 4
83966 25798 87423 6 10 789119256 638266629 5
0 1
0 4
1 1
6 6
2 2
980082458 70921
1 1
0 1
4 5
4 6 4 866964506
0 2
0 2
0 2
0 3
0 1
10 10
7 3 2 2 33294298 156610565 4 8 96407 8577
5 8
0 4
5 7
1 2
2 9
0 8
3 3
2 8
5 7
3 5
10 2
78162 81868 254385002 635929795 751748456 70181922 8604 4 48909 8
3 3
2 5
10 10
762869389 218083236 91617 2 13359 6 94994203 58379 39405 8857
3 5
1 1
2 8
0 3
2 5
2 9
2 3
3 4
1 8
6 6
9 8
61826 98321592 5 336592581 59740 80490886 5 17604 4
0 7
1 6
6 8
0 5
1 8
7 8
3 7
2 7
10 10
297074795 275159137 509036846 482534428 3 4 6 65957 6 79561
2 4
2 6
0 5
5 8
5 7
1 2
2 3
1 1
4 8
0 9
1 10
8
0 0
0 0
0 0
0 0
0 0
0 0
0 0
0 0
0 0
0 0
6 5
10 5 24362 1 9 7
0 1
0 2
0 5
2 4
3 5
10 10
8 8308 3 66985554 4 384583346 20480 24526 9323754 9752
1 7
3 8
1 2
6 6
1 2
3 9
4 4
1 4
5 7
0 2
10 5
73340 441620463 1 63601 475353546 444056166 24050 92127 993895224 2
8 8
6 7
5 5
2 7
0 2
10 10
89075 8 123778919 534933465 98420 6 170515057 551174702 8 657752663
2 9
3 3
1 3
2 5
7 9
0 8
0 1
0 3
3 3
0 0
6 5
97642 5601 483999217 164629776 21072 70083
2 3
1 5
2 5
4 5
1 5
2 3
3 8
1 1
0 0
1 1
7 9
907489230 548035327 2 8 80412 3 19972469
1 2
0 5
1 6
1 2
5 6
3 4
3 4
4 6
2 3
2 1
2 785832490
0 1
2 2
9 817639905
1 1
0 1
5 1
4 1 775827659 4 72242
2 4
5 2
7327728 2 128040171 4 935459551
0 1
1 1
4 10
41998 52945 2 738286366
0 1
0 2
1 3
1 3
1 3
0 2
0 0
1 3
1 3
1 1
7 8
670503090 9 843461279 10 58755 5 2
0 1
6 6
4 6
1 4
2 5
2 3
5 6
3 3
1 6
348912056
0 0
0 0
0 0
0 0
0 0
0 0
10 10
339205827 56706 6 5760 759817791 583222563 6 6229 6 56239
1 4
0 4
3 4
0 3
7 9
2 3
2 3
1 3
2 7
0 7
8 6
792728370 1 767930624 5 8 10 397 98173099
3 6
0 5
5 7
0 4
1 6
4 5
1 1
821908286
0 0
8 1
67008 780014182 5 3 61085 226744765 3 46902
1 2
5 7
2 719503791 9 6 477081021
0 4
1 2
1 1
0 3
1 4
1 2
1 2
3 1
81614 56778 9
0 0
10 9
1 50207 24903 9 67918 21859 427232637 4 9 2
3 8
0 2
8 9
2 7
8 9
6 8
5 8
7 9
2 4
10 10
250534587 15434 49069 301838067 86218 4 855054548 4 701032955 64324
3 7
4 6
0 8
4 9
1 3
5 7
1 3
6 7
2 8
4 5
1 1
1000000000
0 0
8 4
170659404 578094388 252724754 8 5496 847628897 40732 15195
0 2
3 5
2 6
1 7
1 8
70850
0 0
0 0
0 0
0 0
0 0
0 0
0 0
0 0
10 8
4 5 615057746 380237358 113662521 4 87811 978508376 4 29384
1 8
5 5
4 8
3 7
1 8
3 5
6 8
2 4
3 2
1 2 3
0 1
1 2
6 4
3 2 351466162 12634 459480897 29673
0 2
3 5
0 4
3 5
1 3
2
0 0
0 0
0 0
1 2
2993
0 0
0 0
1 7
3
0 0
0 0
0 0
0 0
0 0
0 0
0 0
3 6
6 764325024 1
0 1
0 0
0 1
0 1
0 1
1 2
6 2
632647711 31291 8 35778 294522491 1
4 4
1 5
2 5
67003 218423521
0 1
1 1
0 1
1 1
1 1
8 5
6934 3 387392741 67101 12133 87112627 1 2
1 4
0 5
7 7
0 5
5 7
7 9
530356886 202196700 17153 2 86174 44013348 23082
2 5
5 6
3 4
3 4
1 1
1 6
0 5
2 3
4 5
3 8
896695837 48976 85731
2 2
1 2
0 0
1 2
0 2
1 2
0 1
0 2
10 10
959600241 23335 37938 455814376 352893426 136344637 363451229 8781 617205934 110708461
4 8
6 6
5 9
6 9
0 1
2 5
5 9
1 8
3 9
3 9
10 4
9 23246 7 463572034 9 6 7 3 7 478249770
2 5
5 7
1 7
1 9
8 2
158596025 77683 1 50274382 329563638 49909 227980548 589052636
2 3
2 7
